name,min,max,cardinality,num_unique_values
cdcs.col3,0,99,100000,100
cdcs.col2,0,99,100000,100
cdcs.col1,0,99,100000,100
cdcs.col0,0,99,100000,100
